(kicad_pcb (version 20171130) (host pcbnew 5.0.2+dfsg1-1)

  (general
    (thickness 1.6)
    (drawings 4)
    (tracks 663)
    (zones 0)
    (modules 35)
    (nets 61)
  )

  (page A4)
  (title_block
    (title WWAVUSBEPP)
    (rev v01)
    (comment 4 "Author: Yusuf Mohsinally")
  )

  (layers
    (0 F.Cu signal)
    (1 In1.Cu signal)
    (2 In2.Cu signal)
    (31 B.Cu signal)
    (32 B.Adhes user)
    (33 F.Adhes user)
    (34 B.Paste user)
    (35 F.Paste user)
    (36 B.SilkS user)
    (37 F.SilkS user)
    (38 B.Mask user)
    (39 F.Mask user)
    (40 Dwgs.User user)
    (41 Cmts.User user)
    (42 Eco1.User user)
    (43 Eco2.User user)
    (44 Edge.Cuts user)
    (45 Margin user)
    (46 B.CrtYd user)
    (47 F.CrtYd user)
    (48 B.Fab user)
    (49 F.Fab user)
  )

  (setup
    (last_trace_width 0.2032)
    (trace_clearance 0.254)
    (zone_clearance 0.508)
    (zone_45_only no)
    (trace_min 0.1524)
    (segment_width 0.2)
    (edge_width 0.05)
    (via_size 0.762)
    (via_drill 0.381)
    (via_min_size 0.6858)
    (via_min_drill 0.3302)
    (uvia_size 0.762)
    (uvia_drill 0.381)
    (uvias_allowed no)
    (uvia_min_size 0.6858)
    (uvia_min_drill 0.3048)
    (pcb_text_width 0.3)
    (pcb_text_size 1.5 1.5)
    (mod_edge_width 0.12)
    (mod_text_size 1 1)
    (mod_text_width 0.15)
    (pad_size 1.524 1.524)
    (pad_drill 0.762)
    (pad_to_mask_clearance 0.051)
    (solder_mask_min_width 0.25)
    (aux_axis_origin 0 0)
    (visible_elements FFFFFF7F)
    (pcbplotparams
      (layerselection 0x010fc_ffffffff)
      (usegerberextensions false)
      (usegerberattributes false)
      (usegerberadvancedattributes false)
      (creategerberjobfile false)
      (excludeedgelayer true)
      (linewidth 0.100000)
      (plotframeref false)
      (viasonmask false)
      (mode 1)
      (useauxorigin false)
      (hpglpennumber 1)
      (hpglpenspeed 20)
      (hpglpendiameter 15.000000)
      (psnegative false)
      (psa4output false)
      (plotreference true)
      (plotvalue true)
      (plotinvisibletext false)
      (padsonsilk false)
      (subtractmaskfromsilk false)
      (outputformat 1)
      (mirror false)
      (drillshape 1)
      (scaleselection 1)
      (outputdirectory ""))
  )

  (net 0 "")
  (net 1 Earth)
  (net 2 "Net-(C1-Pad2)")
  (net 3 XTALIN)
  (net 4 +3V3)
  (net 5 XTALOUT)
  (net 6 "Net-(J1-Pad5)")
  (net 7 D+)
  (net 8 D-)
  (net 9 "Net-(J1-Pad1)")
  (net 10 25)
  (net 11 23)
  (net 12 17)
  (net 13 15)
  (net 14 13)
  (net 15 11)
  (net 16 9)
  (net 17 8)
  (net 18 7)
  (net 19 6)
  (net 20 5)
  (net 21 3)
  (net 22 2)
  (net 23 1)
  (net 24 SDA)
  (net 25 "Net-(U1-Pad57)")
  (net 26 U3_R)
  (net 27 SCL)
  (net 28 "Net-(J2-Pad4)")
  (net 29 "Net-(J2-Pad21)")
  (net 30 "Net-(J2-Pad19)")
  (net 31 "Net-(C18-Pad1)")
  (net 32 "Net-(C19-Pad2)")
  (net 33 "Net-(C20-Pad1)")
  (net 34 "Net-(J3-Pad6)")
  (net 35 "Net-(J3-Pad5)")
  (net 36 "Net-(J3-Pad4)")
  (net 37 "Net-(J3-Pad3)")
  (net 38 "Net-(J3-Pad2)")
  (net 39 "Net-(J3-Pad1)")
  (net 40 "Net-(J4-Pad3)")
  (net 41 "Net-(J4-Pad4)")
  (net 42 "Net-(R6-Pad1)")
  (net 43 "Net-(R26-Pad1)")
  (net 44 "Net-(U1-Pad13)")
  (net 45 "Net-(U1-Pad36)")
  (net 46 "Net-(U1-Pad37)")
  (net 47 "Net-(U1-Pad39)")
  (net 48 "Net-(U1-Pad40)")
  (net 49 "Net-(U1-Pad45)")
  (net 50 "Net-(U1-Pad46)")
  (net 51 "Net-(U1-Pad47)")
  (net 52 "Net-(U1-Pad48)")
  (net 53 "Net-(U1-Pad49)")
  (net 54 "Net-(U1-Pad50)")
  (net 55 "Net-(U1-Pad51)")
  (net 56 "Net-(U1-Pad52)")
  (net 57 "Net-(U1-Pad54)")
  (net 58 "Net-(U2-Pad6)")
  (net 59 "Net-(U2-Pad7)")
  (net 60 "Net-(U3-Pad4)")

  (net_class Default "This is the default net class."
    (clearance 0.254)
    (trace_width 0.2032)
    (via_dia 0.762)
    (via_drill 0.381)
    (uvia_dia 0.762)
    (uvia_drill 0.381)
    (add_net +3V3)
    (add_net 1)
    (add_net 11)
    (add_net 13)
    (add_net 15)
    (add_net 17)
    (add_net 2)
    (add_net 23)
    (add_net 25)
    (add_net 3)
    (add_net 5)
    (add_net 6)
    (add_net 7)
    (add_net 8)
    (add_net 9)
    (add_net D+)
    (add_net D-)
    (add_net Earth)
    (add_net "Net-(C1-Pad2)")
    (add_net "Net-(C18-Pad1)")
    (add_net "Net-(C19-Pad2)")
    (add_net "Net-(C20-Pad1)")
    (add_net "Net-(J1-Pad1)")
    (add_net "Net-(J1-Pad5)")
    (add_net "Net-(J2-Pad19)")
    (add_net "Net-(J2-Pad21)")
    (add_net "Net-(J2-Pad4)")
    (add_net "Net-(J3-Pad1)")
    (add_net "Net-(J3-Pad2)")
    (add_net "Net-(J3-Pad3)")
    (add_net "Net-(J3-Pad4)")
    (add_net "Net-(J3-Pad5)")
    (add_net "Net-(J3-Pad6)")
    (add_net "Net-(J4-Pad3)")
    (add_net "Net-(J4-Pad4)")
    (add_net "Net-(R26-Pad1)")
    (add_net "Net-(R6-Pad1)")
    (add_net "Net-(U1-Pad13)")
    (add_net "Net-(U1-Pad36)")
    (add_net "Net-(U1-Pad37)")
    (add_net "Net-(U1-Pad39)")
    (add_net "Net-(U1-Pad40)")
    (add_net "Net-(U1-Pad45)")
    (add_net "Net-(U1-Pad46)")
    (add_net "Net-(U1-Pad47)")
    (add_net "Net-(U1-Pad48)")
    (add_net "Net-(U1-Pad49)")
    (add_net "Net-(U1-Pad50)")
    (add_net "Net-(U1-Pad51)")
    (add_net "Net-(U1-Pad52)")
    (add_net "Net-(U1-Pad54)")
    (add_net "Net-(U1-Pad57)")
    (add_net "Net-(U2-Pad6)")
    (add_net "Net-(U2-Pad7)")
    (add_net "Net-(U3-Pad4)")
    (add_net SCL)
    (add_net SDA)
    (add_net U3_R)
    (add_net XTALIN)
    (add_net XTALOUT)
  )

  (module Package_DFN_QFN:Cypress_QFN-56-1EP_8x8mm_P0.5mm_EP6.22x6.22mm_ThermalVias (layer F.Cu) (tedit 5B148AF3) (tstamp 5CE78351)
    (at 84.213 127.571)
    (descr "56-Lead Plastic Quad Flat, No Lead Package (ML) - 8x8x0.9 mm Body [QFN] (see datasheet at http://www.cypress.com/file/138911/download and app note at http://www.cypress.com/file/140006/download)")
    (tags "QFN 0.5")
    (path /5CD043B8)
    (attr smd)
    (fp_text reference U1 (at 0 -5.395) (layer F.SilkS)
      (effects (font (size 1 1) (thickness 0.15)))
    )
    (fp_text value CY7C68013-56LFC (at 0 5.395) (layer F.Fab)
      (effects (font (size 1 1) (thickness 0.15)))
    )
    (fp_text user %R (at 0 0) (layer F.Fab)
      (effects (font (size 1 1) (thickness 0.15)))
    )
    (fp_line (start -4 4) (end -4 -3.5) (layer F.Fab) (width 0.1))
    (fp_line (start 4 4) (end -4 4) (layer F.Fab) (width 0.1))
    (fp_line (start 4 -4) (end 4 4) (layer F.Fab) (width 0.1))
    (fp_line (start -3.5 -4) (end 4 -4) (layer F.Fab) (width 0.1))
    (fp_line (start -4 -3.5) (end -3.5 -4) (layer F.Fab) (width 0.1))
    (fp_line (start 3.72 -4.12) (end 4.12 -4.12) (layer F.SilkS) (width 0.12))
    (fp_line (start 4.12 -4.12) (end 4.12 -3.72) (layer F.SilkS) (width 0.12))
    (fp_line (start -4.12 4.12) (end -4.12 3.72) (layer F.SilkS) (width 0.12))
    (fp_line (start -4.12 4.12) (end -3.72 4.12) (layer F.SilkS) (width 0.12))
    (fp_line (start 4.12 3.72) (end 4.12 4.12) (layer F.SilkS) (width 0.12))
    (fp_line (start 4.12 4.12) (end 3.72 4.12) (layer F.SilkS) (width 0.12))
    (fp_line (start -4.43 -4.43) (end 4.43 -4.43) (layer F.CrtYd) (width 0.05))
    (fp_line (start 4.43 -4.43) (end 4.43 4.43) (layer F.CrtYd) (width 0.05))
    (fp_line (start 4.43 4.43) (end -4.43 4.43) (layer F.CrtYd) (width 0.05))
    (fp_line (start -4.43 4.43) (end -4.43 -4.43) (layer F.CrtYd) (width 0.05))
    (fp_line (start -3.72 -4.12) (end -4.12 -4.12) (layer F.SilkS) (width 0.12))
    (fp_circle (center 0 0) (end 0 -0.3) (layer F.Mask) (width 0.2))
    (fp_line (start -1.905 -2.54) (end -1.905 2.54) (layer F.Mask) (width 0.8636))
    (fp_line (start -0.635 -2.54) (end -0.635 2.54) (layer F.Mask) (width 0.8636))
    (fp_line (start 0.635 -2.54) (end 0.635 2.54) (layer F.Mask) (width 0.8636))
    (fp_line (start 1.905 -2.54) (end 1.905 2.54) (layer F.Mask) (width 0.8636))
    (fp_line (start -2.54 1.905) (end 2.54 1.905) (layer F.Mask) (width 0.8636))
    (fp_line (start -2.54 0.635) (end 2.54 0.635) (layer F.Mask) (width 0.8636))
    (fp_line (start -2.54 -0.635) (end 2.54 -0.635) (layer F.Mask) (width 0.8636))
    (fp_line (start -2.54 -1.905) (end 2.54 -1.905) (layer F.Mask) (width 0.8636))
    (fp_poly (pts (xy 3.11 -3.11) (xy 3.11 -2.75) (xy -3.11 -2.75) (xy -3.11 -3.11)) (layer F.Mask) (width 0))
    (fp_poly (pts (xy -3.11 -3.11) (xy -2.75 -3.11) (xy -2.75 3.11) (xy -3.11 3.11)) (layer F.Mask) (width 0))
    (fp_poly (pts (xy -3.11 3.11) (xy -3.11 2.75) (xy 3.11 2.75) (xy 3.11 3.11)) (layer F.Mask) (width 0))
    (fp_poly (pts (xy 3.11 3.11) (xy 2.75 3.11) (xy 2.75 -3.11) (xy 3.11 -3.11)) (layer F.Mask) (width 0))
    (fp_circle (center 1.27 0) (end 1.57 0) (layer F.Mask) (width 0.2))
    (fp_circle (center 2.54 0) (end 2.84 0) (layer F.Mask) (width 0.2))
    (fp_circle (center -1.27 0) (end -0.97 0) (layer F.Mask) (width 0.2))
    (fp_circle (center -2.54 0) (end -2.24 0) (layer F.Mask) (width 0.2))
    (fp_circle (center -2.54 -1.27) (end -2.24 -1.27) (layer F.Mask) (width 0.2))
    (fp_circle (center -1.27 -1.27) (end -0.97 -1.27) (layer F.Mask) (width 0.2))
    (fp_circle (center 0 -1.27) (end 0.3 -1.27) (layer F.Mask) (width 0.2))
    (fp_circle (center 1.27 -1.27) (end 1.57 -1.27) (layer F.Mask) (width 0.2))
    (fp_circle (center 2.54 -1.27) (end 2.84 -1.27) (layer F.Mask) (width 0.2))
    (fp_circle (center 2.54 -2.54) (end 2.84 -2.54) (layer F.Mask) (width 0.2))
    (fp_circle (center 1.27 -2.54) (end 1.57 -2.54) (layer F.Mask) (width 0.2))
    (fp_circle (center 0 -2.54) (end 0.3 -2.54) (layer F.Mask) (width 0.2))
    (fp_circle (center -1.27 -2.54) (end -0.97 -2.54) (layer F.Mask) (width 0.2))
    (fp_circle (center -2.54 -2.54) (end -2.24 -2.54) (layer F.Mask) (width 0.2))
    (fp_circle (center -2.54 1.27) (end -2.24 1.27) (layer F.Mask) (width 0.2))
    (fp_circle (center -1.27 1.27) (end -0.97 1.27) (layer F.Mask) (width 0.2))
    (fp_circle (center 0 1.27) (end 0.3 1.27) (layer F.Mask) (width 0.2))
    (fp_circle (center 1.27 1.27) (end 1.57 1.27) (layer F.Mask) (width 0.2))
    (fp_circle (center 2.54 1.27) (end 2.84 1.27) (layer F.Mask) (width 0.2))
    (fp_circle (center 2.54 2.54) (end 2.84 2.54) (layer F.Mask) (width 0.2))
    (fp_circle (center 1.27 2.54) (end 1.57 2.54) (layer F.Mask) (width 0.2))
    (fp_circle (center 0 2.54) (end 0.3 2.54) (layer F.Mask) (width 0.2))
    (fp_circle (center -1.27 2.54) (end -0.97 2.54) (layer F.Mask) (width 0.2))
    (fp_circle (center -2.54 2.54) (end -2.24 2.54) (layer F.Mask) (width 0.2))
    (pad 1 smd oval (at -4 -3.25) (size 1 0.28) (layers F.Cu F.Paste F.Mask)
      (net 29 "Net-(J2-Pad21)"))
    (pad 2 smd oval (at -4 -2.75) (size 1 0.28) (layers F.Cu F.Paste F.Mask)
      (net 11 23))
    (pad 3 smd oval (at -4 -2.25) (size 1 0.28) (layers F.Cu F.Paste F.Mask)
      (net 4 +3V3))
    (pad 4 smd oval (at -4 -1.75) (size 1 0.28) (layers F.Cu F.Paste F.Mask)
      (net 5 XTALOUT))
    (pad 5 smd oval (at -4 -1.25) (size 1 0.28) (layers F.Cu F.Paste F.Mask)
      (net 3 XTALIN))
    (pad 6 smd oval (at -4 -0.75) (size 1 0.28) (layers F.Cu F.Paste F.Mask)
      (net 1 Earth))
    (pad 7 smd oval (at -4 -0.25) (size 1 0.28) (layers F.Cu F.Paste F.Mask)
      (net 4 +3V3))
    (pad 8 smd oval (at -4 0.25) (size 1 0.28) (layers F.Cu F.Paste F.Mask)
      (net 7 D+))
    (pad 9 smd oval (at -4 0.75) (size 1 0.28) (layers F.Cu F.Paste F.Mask)
      (net 8 D-))
    (pad 10 smd oval (at -4 1.25) (size 1 0.28) (layers F.Cu F.Paste F.Mask)
      (net 1 Earth))
    (pad 11 smd oval (at -4 1.75) (size 1 0.28) (layers F.Cu F.Paste F.Mask)
      (net 4 +3V3))
    (pad 12 smd oval (at -4 2.25) (size 1 0.28) (layers F.Cu F.Paste F.Mask)
      (net 1 Earth))
    (pad 13 smd oval (at -4 2.75) (size 1 0.28) (layers F.Cu F.Paste F.Mask)
      (net 44 "Net-(U1-Pad13)"))
    (pad 14 smd oval (at -4 3.25) (size 1 0.28) (layers F.Cu F.Paste F.Mask)
      (net 1 Earth))
    (pad 15 smd oval (at -3.25 4) (size 0.28 1) (layers F.Cu F.Paste F.Mask)
      (net 27 SCL))
    (pad 16 smd oval (at -2.75 4) (size 0.28 1) (layers F.Cu F.Paste F.Mask)
      (net 24 SDA))
    (pad 17 smd oval (at -2.25 4) (size 0.28 1) (layers F.Cu F.Paste F.Mask)
      (net 4 +3V3))
    (pad 18 smd oval (at -1.75 4) (size 0.28 1) (layers F.Cu F.Paste F.Mask)
      (net 21 3))
    (pad 19 smd oval (at -1.25 4) (size 0.28 1) (layers F.Cu F.Paste F.Mask)
      (net 20 5))
    (pad 20 smd oval (at -0.75 4) (size 0.28 1) (layers F.Cu F.Paste F.Mask)
      (net 18 7))
    (pad 21 smd oval (at -0.25 4) (size 0.28 1) (layers F.Cu F.Paste F.Mask)
      (net 16 9))
    (pad 22 smd oval (at 0.25 4) (size 0.28 1) (layers F.Cu F.Paste F.Mask)
      (net 15 11))
    (pad 23 smd oval (at 0.75 4) (size 0.28 1) (layers F.Cu F.Paste F.Mask)
      (net 14 13))
    (pad 24 smd oval (at 1.25 4) (size 0.28 1) (layers F.Cu F.Paste F.Mask)
      (net 13 15))
    (pad 25 smd oval (at 1.75 4) (size 0.28 1) (layers F.Cu F.Paste F.Mask)
      (net 12 17))
    (pad 26 smd oval (at 2.25 4) (size 0.28 1) (layers F.Cu F.Paste F.Mask)
      (net 1 Earth))
    (pad 27 smd oval (at 2.75 4) (size 0.28 1) (layers F.Cu F.Paste F.Mask)
      (net 4 +3V3))
    (pad 28 smd oval (at 3.25 4) (size 0.28 1) (layers F.Cu F.Paste F.Mask)
      (net 1 Earth))
    (pad 29 smd oval (at 4 3.25) (size 1 0.28) (layers F.Cu F.Paste F.Mask)
      (net 22 2))
    (pad 30 smd oval (at 4 2.75) (size 1 0.28) (layers F.Cu F.Paste F.Mask)
      (net 23 1))
    (pad 31 smd oval (at 4 2.25) (size 1 0.28) (layers F.Cu F.Paste F.Mask)
      (net 17 8))
    (pad 32 smd oval (at 4 1.75) (size 1 0.28) (layers F.Cu F.Paste F.Mask)
      (net 4 +3V3))
    (pad 33 smd oval (at 4 1.25) (size 1 0.28) (layers F.Cu F.Paste F.Mask)
      (net 30 "Net-(J2-Pad19)"))
    (pad 34 smd oval (at 4 0.75) (size 1 0.28) (layers F.Cu F.Paste F.Mask)
      (net 28 "Net-(J2-Pad4)"))
    (pad 35 smd oval (at 4 0.25) (size 1 0.28) (layers F.Cu F.Paste F.Mask)
      (net 10 25))
    (pad 36 smd oval (at 4 -0.25) (size 1 0.28) (layers F.Cu F.Paste F.Mask)
      (net 45 "Net-(U1-Pad36)"))
    (pad 37 smd oval (at 4 -0.75) (size 1 0.28) (layers F.Cu F.Paste F.Mask)
      (net 46 "Net-(U1-Pad37)"))
    (pad 38 smd oval (at 4 -1.25) (size 1 0.28) (layers F.Cu F.Paste F.Mask)
      (net 19 6))
    (pad 39 smd oval (at 4 -1.75) (size 1 0.28) (layers F.Cu F.Paste F.Mask)
      (net 47 "Net-(U1-Pad39)"))
    (pad 40 smd oval (at 4 -2.25) (size 1 0.28) (layers F.Cu F.Paste F.Mask)
      (net 48 "Net-(U1-Pad40)"))
    (pad 41 smd oval (at 4 -2.75) (size 1 0.28) (layers F.Cu F.Paste F.Mask)
      (net 1 Earth))
    (pad 42 smd oval (at 4 -3.25) (size 1 0.28) (layers F.Cu F.Paste F.Mask)
      (net 26 U3_R))
    (pad 43 smd oval (at 3.25 -4) (size 0.28 1) (layers F.Cu F.Paste F.Mask)
      (net 4 +3V3))
    (pad 44 smd oval (at 2.75 -4) (size 0.28 1) (layers F.Cu F.Paste F.Mask)
      (net 43 "Net-(R26-Pad1)"))
    (pad 45 smd oval (at 2.25 -4) (size 0.28 1) (layers F.Cu F.Paste F.Mask)
      (net 49 "Net-(U1-Pad45)"))
    (pad 46 smd oval (at 1.75 -4) (size 0.28 1) (layers F.Cu F.Paste F.Mask)
      (net 50 "Net-(U1-Pad46)"))
    (pad 47 smd oval (at 1.25 -4) (size 0.28 1) (layers F.Cu F.Paste F.Mask)
      (net 51 "Net-(U1-Pad47)"))
    (pad 48 smd oval (at 0.75 -4) (size 0.28 1) (layers F.Cu F.Paste F.Mask)
      (net 52 "Net-(U1-Pad48)"))
    (pad 49 smd oval (at 0.25 -4) (size 0.28 1) (layers F.Cu F.Paste F.Mask)
      (net 53 "Net-(U1-Pad49)"))
    (pad 50 smd oval (at -0.25 -4) (size 0.28 1) (layers F.Cu F.Paste F.Mask)
      (net 54 "Net-(U1-Pad50)"))
    (pad 51 smd oval (at -0.75 -4) (size 0.28 1) (layers F.Cu F.Paste F.Mask)
      (net 55 "Net-(U1-Pad51)"))
    (pad 52 smd oval (at -1.25 -4) (size 0.28 1) (layers F.Cu F.Paste F.Mask)
      (net 56 "Net-(U1-Pad52)"))
    (pad 53 smd oval (at -1.75 -4) (size 0.28 1) (layers F.Cu F.Paste F.Mask)
      (net 1 Earth))
    (pad 54 smd oval (at -2.25 -4) (size 0.28 1) (layers F.Cu F.Paste F.Mask)
      (net 57 "Net-(U1-Pad54)"))
    (pad 55 smd oval (at -2.75 -4) (size 0.28 1) (layers F.Cu F.Paste F.Mask)
      (net 4 +3V3))
    (pad 56 smd oval (at -3.25 -4) (size 0.28 1) (layers F.Cu F.Paste F.Mask)
      (net 1 Earth))
    (pad 57 smd rect (at 0 0) (size 6.22 6.22) (layers F.Cu)
      (net 25 "Net-(U1-Pad57)"))
    (pad "" smd rect (at -1.555 1.555) (size 2.6 2.6) (layers F.Paste))
    (pad "" smd rect (at 1.555 1.555) (size 2.6 2.6) (layers F.Paste))
    (pad "" smd rect (at -1.555 -1.555) (size 2.6 2.6) (layers F.Paste))
    (pad "" smd rect (at 1.555 -1.555) (size 2.6 2.6) (layers F.Paste))
    (pad 57 thru_hole circle (at 0 0) (size 0.6 0.6) (drill 0.3) (layers *.Cu)
      (net 25 "Net-(U1-Pad57)"))
    (pad 57 thru_hole circle (at 1.27 0) (size 0.6 0.6) (drill 0.3) (layers *.Cu)
      (net 25 "Net-(U1-Pad57)"))
    (pad 57 thru_hole circle (at 2.54 0) (size 0.6 0.6) (drill 0.3) (layers *.Cu)
      (net 25 "Net-(U1-Pad57)"))
    (pad 57 thru_hole circle (at -1.27 0) (size 0.6 0.6) (drill 0.3) (layers *.Cu)
      (net 25 "Net-(U1-Pad57)"))
    (pad 57 thru_hole circle (at -2.54 0) (size 0.6 0.6) (drill 0.3) (layers *.Cu)
      (net 25 "Net-(U1-Pad57)"))
    (pad 57 thru_hole circle (at -2.54 -1.27) (size 0.6 0.6) (drill 0.3) (layers *.Cu)
      (net 25 "Net-(U1-Pad57)"))
    (pad 57 thru_hole circle (at -1.27 -1.27) (size 0.6 0.6) (drill 0.3) (layers *.Cu)
      (net 25 "Net-(U1-Pad57)"))
    (pad 57 thru_hole circle (at 0 -1.27) (size 0.6 0.6) (drill 0.3) (layers *.Cu)
      (net 25 "Net-(U1-Pad57)"))
    (pad 57 thru_hole circle (at 1.27 -1.27) (size 0.6 0.6) (drill 0.3) (layers *.Cu)
      (net 25 "Net-(U1-Pad57)"))
    (pad 57 thru_hole circle (at 2.54 -1.27) (size 0.6 0.6) (drill 0.3) (layers *.Cu)
      (net 25 "Net-(U1-Pad57)"))
    (pad 57 thru_hole circle (at 2.54 -2.54) (size 0.6 0.6) (drill 0.3) (layers *.Cu)
      (net 25 "Net-(U1-Pad57)"))
    (pad 57 thru_hole circle (at 1.27 -2.54) (size 0.6 0.6) (drill 0.3) (layers *.Cu)
      (net 25 "Net-(U1-Pad57)"))
    (pad 57 thru_hole circle (at 0 -2.54) (size 0.6 0.6) (drill 0.3) (layers *.Cu)
      (net 25 "Net-(U1-Pad57)"))
    (pad 57 thru_hole circle (at -1.27 -2.54) (size 0.6 0.6) (drill 0.3) (layers *.Cu)
      (net 25 "Net-(U1-Pad57)"))
    (pad 57 thru_hole circle (at -2.54 -2.54) (size 0.6 0.6) (drill 0.3) (layers *.Cu)
      (net 25 "Net-(U1-Pad57)"))
    (pad 57 thru_hole circle (at -2.54 1.27) (size 0.6 0.6) (drill 0.3) (layers *.Cu)
      (net 25 "Net-(U1-Pad57)"))
    (pad 57 thru_hole circle (at -1.27 1.27) (size 0.6 0.6) (drill 0.3) (layers *.Cu)
      (net 25 "Net-(U1-Pad57)"))
    (pad 57 thru_hole circle (at 0 1.27) (size 0.6 0.6) (drill 0.3) (layers *.Cu)
      (net 25 "Net-(U1-Pad57)"))
    (pad 57 thru_hole circle (at 1.27 1.27) (size 0.6 0.6) (drill 0.3) (layers *.Cu)
      (net 25 "Net-(U1-Pad57)"))
    (pad 57 thru_hole circle (at 2.54 1.27) (size 0.6 0.6) (drill 0.3) (layers *.Cu)
      (net 25 "Net-(U1-Pad57)"))
    (pad 57 thru_hole circle (at 2.54 2.54) (size 0.6 0.6) (drill 0.3) (layers *.Cu)
      (net 25 "Net-(U1-Pad57)"))
    (pad 57 thru_hole circle (at 1.27 2.54) (size 0.6 0.6) (drill 0.3) (layers *.Cu)
      (net 25 "Net-(U1-Pad57)"))
    (pad 57 thru_hole circle (at 0 2.54) (size 0.6 0.6) (drill 0.3) (layers *.Cu)
      (net 25 "Net-(U1-Pad57)"))
    (pad 57 thru_hole circle (at -1.27 2.54) (size 0.6 0.6) (drill 0.3) (layers *.Cu)
      (net 25 "Net-(U1-Pad57)"))
    (pad 57 thru_hole circle (at -2.54 2.54) (size 0.6 0.6) (drill 0.3) (layers *.Cu)
      (net 25 "Net-(U1-Pad57)"))
    (pad 57 smd rect (at 0 0) (size 6.1 6.1) (layers B.Cu)
      (net 25 "Net-(U1-Pad57)"))
    (model ${KISYS3DMOD}/Package_DFN_QFN.3dshapes/QFN-56-1EP_8x8mm_P0.5mm_EP6.22x6.22mm_ThermalVias.wrl
      (at (xyz 0 0 0))
      (scale (xyz 1 1 1))
      (rotate (xyz 0 0 0))
    )
  )

  (module SOP95P275X110-5N:SOP95P275X110-5N (layer F.Cu) (tedit 0) (tstamp 5D2EDA44)
    (at 69.852 147.127)
    (path /5CFBB540)
    (attr smd)
    (fp_text reference U3 (at 0.0113 -2.63442) (layer F.SilkS)
      (effects (font (size 0.801362 0.801362) (thickness 0.05)))
    )
    (fp_text value NCP302LSN45T1G (at 0.5448 2.51903) (layer F.SilkS)
      (effects (font (size 0.801465 0.801465) (thickness 0.05)))
    )
    (fp_line (start -0.75 1.5) (end -0.75 -1.5) (layer Eco2.User) (width 0.127))
    (fp_line (start -0.75 -1.5) (end 0.75 -1.5) (layer Eco2.User) (width 0.127))
    (fp_line (start 0.75 -1.5) (end 0.75 1.5) (layer Eco2.User) (width 0.127))
    (fp_line (start 0.75 1.5) (end -0.75 1.5) (layer Eco2.User) (width 0.127))
    (fp_line (start -0.75 -1.5) (end 0.75 -1.5) (layer F.SilkS) (width 0.127))
    (fp_line (start -0.75 1.5) (end 0.75 1.5) (layer F.SilkS) (width 0.127))
    (fp_circle (center -2.365 -0.95) (end -2.265 -0.95) (layer F.SilkS) (width 0.2))
    (fp_line (start -2.11 -1.49) (end -2.11 1.49) (layer Eco1.User) (width 0.05))
    (fp_line (start -2.11 1.49) (end -1 1.49) (layer Eco1.User) (width 0.05))
    (fp_line (start -1 1.49) (end -1 1.75) (layer Eco1.User) (width 0.05))
    (fp_line (start -1 1.75) (end 1 1.75) (layer Eco1.User) (width 0.05))
    (fp_line (start 1 1.75) (end 1 1.49) (layer Eco1.User) (width 0.05))
    (fp_line (start 1 1.49) (end 2.11 1.49) (layer Eco1.User) (width 0.05))
    (fp_line (start 2.11 1.49) (end 2.11 -1.49) (layer Eco1.User) (width 0.05))
    (fp_line (start 2.11 -1.49) (end 1 -1.49) (layer Eco1.User) (width 0.05))
    (fp_line (start 1 -1.49) (end 1 -1.75) (layer Eco1.User) (width 0.05))
    (fp_line (start 1 -1.75) (end -1 -1.75) (layer Eco1.User) (width 0.05))
    (fp_line (start -1 -1.75) (end -1 -1.49) (layer Eco1.User) (width 0.05))
    (fp_line (start -1 -1.49) (end -2.11 -1.49) (layer Eco1.User) (width 0.05))
    (fp_circle (center -0.319 -1.093) (end -0.219 -1.093) (layer Eco2.User) (width 0.2))
    (pad 1 smd rect (at -1.145 -0.95) (size 1.42 0.58) (layers F.Cu F.Paste F.Mask)
      (net 26 U3_R))
    (pad 2 smd rect (at -1.145 0) (size 1.42 0.58) (layers F.Cu F.Paste F.Mask)
      (net 4 +3V3))
    (pad 3 smd rect (at -1.145 0.95) (size 1.42 0.58) (layers F.Cu F.Paste F.Mask)
      (net 1 Earth))
    (pad 4 smd rect (at 1.145 0.95) (size 1.42 0.58) (layers F.Cu F.Paste F.Mask)
      (net 60 "Net-(U3-Pad4)"))
    (pad 5 smd rect (at 1.145 -0.95) (size 1.42 0.58) (layers F.Cu F.Paste F.Mask)
      (net 31 "Net-(C18-Pad1)"))
  )

  (module Connector_PinHeader_2.54mm:PinHeader_2x03_P2.54mm_Vertical (layer B.Cu) (tedit 59FED5CC) (tstamp 5CE79EF8)
    (at 74.422 142.875 270)
    (descr "Through hole straight pin header, 2x03, 2.54mm pitch, double rows")
    (tags "Through hole pin header THT 2x03 2.54mm double row")
    (path /5CCD3DB7)
    (fp_text reference J3 (at 1.27 2.33 270) (layer B.SilkS)
      (effects (font (size 1 1) (thickness 0.15)) (justify mirror))
    )
    (fp_text value Conn_01x06_Female (at 1.27 -7.41 270) (layer B.Fab)
      (effects (font (size 1 1) (thickness 0.15)) (justify mirror))
    )
    (fp_line (start 0 1.27) (end 3.81 1.27) (layer B.Fab) (width 0.1))
    (fp_line (start 3.81 1.27) (end 3.81 -6.35) (layer B.Fab) (width 0.1))
    (fp_line (start 3.81 -6.35) (end -1.27 -6.35) (layer B.Fab) (width 0.1))
    (fp_line (start -1.27 -6.35) (end -1.27 0) (layer B.Fab) (width 0.1))
    (fp_line (start -1.27 0) (end 0 1.27) (layer B.Fab) (width 0.1))
    (fp_line (start -1.33 -6.41) (end 3.87 -6.41) (layer B.SilkS) (width 0.12))
    (fp_line (start -1.33 -1.27) (end -1.33 -6.41) (layer B.SilkS) (width 0.12))
    (fp_line (start 3.87 1.33) (end 3.87 -6.41) (layer B.SilkS) (width 0.12))
    (fp_line (start -1.33 -1.27) (end 1.27 -1.27) (layer B.SilkS) (width 0.12))
    (fp_line (start 1.27 -1.27) (end 1.27 1.33) (layer B.SilkS) (width 0.12))
    (fp_line (start 1.27 1.33) (end 3.87 1.33) (layer B.SilkS) (width 0.12))
    (fp_line (start -1.33 0) (end -1.33 1.33) (layer B.SilkS) (width 0.12))
    (fp_line (start -1.33 1.33) (end 0 1.33) (layer B.SilkS) (width 0.12))
    (fp_line (start -1.8 1.8) (end -1.8 -6.85) (layer B.CrtYd) (width 0.05))
    (fp_line (start -1.8 -6.85) (end 4.35 -6.85) (layer B.CrtYd) (width 0.05))
    (fp_line (start 4.35 -6.85) (end 4.35 1.8) (layer B.CrtYd) (width 0.05))
    (fp_line (start 4.35 1.8) (end -1.8 1.8) (layer B.CrtYd) (width 0.05))
    (fp_text user %R (at 1.27 -2.54 180) (layer B.Fab)
      (effects (font (size 1 1) (thickness 0.15)) (justify mirror))
    )
    (pad 1 thru_hole rect (at 0 0 270) (size 1.7 1.7) (drill 1) (layers *.Cu *.Mask)
      (net 39 "Net-(J3-Pad1)"))
    (pad 2 thru_hole oval (at 2.54 0 270) (size 1.7 1.7) (drill 1) (layers *.Cu *.Mask)
      (net 38 "Net-(J3-Pad2)"))
    (pad 3 thru_hole oval (at 0 -2.54 270) (size 1.7 1.7) (drill 1) (layers *.Cu *.Mask)
      (net 37 "Net-(J3-Pad3)"))
    (pad 4 thru_hole oval (at 2.54 -2.54 270) (size 1.7 1.7) (drill 1) (layers *.Cu *.Mask)
      (net 36 "Net-(J3-Pad4)"))
    (pad 5 thru_hole oval (at 0 -5.08 270) (size 1.7 1.7) (drill 1) (layers *.Cu *.Mask)
      (net 35 "Net-(J3-Pad5)"))
    (pad 6 thru_hole oval (at 2.54 -5.08 270) (size 1.7 1.7) (drill 1) (layers *.Cu *.Mask)
      (net 34 "Net-(J3-Pad6)"))
    (model ${KISYS3DMOD}/Connector_PinHeader_2.54mm.3dshapes/PinHeader_2x03_P2.54mm_Vertical.wrl
      (at (xyz 0 0 0))
      (scale (xyz 1 1 1))
      (rotate (xyz 0 0 0))
    )
  )

  (module Capacitor_SMD:C_1206_3216Metric_Pad1.42x1.75mm_HandSolder (layer F.Cu) (tedit 5B301BBE) (tstamp 5CE7807C)
    (at 61.976 130.7735 90)
    (descr "Capacitor SMD 1206 (3216 Metric), square (rectangular) end terminal, IPC_7351 nominal with elongated pad for handsoldering. (Body size source: http://www.tortai-tech.com/upload/download/2011102023233369053.pdf), generated with kicad-footprint-generator")
    (tags "capacitor handsolder")
    (path /5CCCD91D)
    (attr smd)
    (fp_text reference C1 (at 0 -1.82 90) (layer F.SilkS)
      (effects (font (size 1 1) (thickness 0.15)))
    )
    (fp_text value 4.7nF (at 0 1.82 90) (layer F.Fab)
      (effects (font (size 1 1) (thickness 0.15)))
    )
    (fp_text user %R (at 0 0 90) (layer F.Fab)
      (effects (font (size 0.8 0.8) (thickness 0.12)))
    )
    (fp_line (start 2.45 1.12) (end -2.45 1.12) (layer F.CrtYd) (width 0.05))
    (fp_line (start 2.45 -1.12) (end 2.45 1.12) (layer F.CrtYd) (width 0.05))
    (fp_line (start -2.45 -1.12) (end 2.45 -1.12) (layer F.CrtYd) (width 0.05))
    (fp_line (start -2.45 1.12) (end -2.45 -1.12) (layer F.CrtYd) (width 0.05))
    (fp_line (start -0.602064 0.91) (end 0.602064 0.91) (layer F.SilkS) (width 0.12))
    (fp_line (start -0.602064 -0.91) (end 0.602064 -0.91) (layer F.SilkS) (width 0.12))
    (fp_line (start 1.6 0.8) (end -1.6 0.8) (layer F.Fab) (width 0.1))
    (fp_line (start 1.6 -0.8) (end 1.6 0.8) (layer F.Fab) (width 0.1))
    (fp_line (start -1.6 -0.8) (end 1.6 -0.8) (layer F.Fab) (width 0.1))
    (fp_line (start -1.6 0.8) (end -1.6 -0.8) (layer F.Fab) (width 0.1))
    (pad 2 smd roundrect (at 1.4875 0 90) (size 1.425 1.75) (layers F.Cu F.Paste F.Mask) (roundrect_rratio 0.175439)
      (net 2 "Net-(C1-Pad2)"))
    (pad 1 smd roundrect (at -1.4875 0 90) (size 1.425 1.75) (layers F.Cu F.Paste F.Mask) (roundrect_rratio 0.175439)
      (net 1 Earth))
    (model ${KISYS3DMOD}/Capacitor_SMD.3dshapes/C_1206_3216Metric.wrl
      (at (xyz 0 0 0))
      (scale (xyz 1 1 1))
      (rotate (xyz 0 0 0))
    )
  )

  (module Capacitor_SMD:C_1206_3216Metric_Pad1.42x1.75mm_HandSolder (layer F.Cu) (tedit 5B301BBE) (tstamp 5CE7808D)
    (at 83.8565 119.38 180)
    (descr "Capacitor SMD 1206 (3216 Metric), square (rectangular) end terminal, IPC_7351 nominal with elongated pad for handsoldering. (Body size source: http://www.tortai-tech.com/upload/download/2011102023233369053.pdf), generated with kicad-footprint-generator")
    (tags "capacitor handsolder")
    (path /5CCCA6A0)
    (attr smd)
    (fp_text reference C2 (at 0 -1.82 180) (layer F.SilkS)
      (effects (font (size 1 1) (thickness 0.15)))
    )
    (fp_text value 100nF (at 0 1.82 180) (layer F.Fab)
      (effects (font (size 1 1) (thickness 0.15)))
    )
    (fp_line (start -1.6 0.8) (end -1.6 -0.8) (layer F.Fab) (width 0.1))
    (fp_line (start -1.6 -0.8) (end 1.6 -0.8) (layer F.Fab) (width 0.1))
    (fp_line (start 1.6 -0.8) (end 1.6 0.8) (layer F.Fab) (width 0.1))
    (fp_line (start 1.6 0.8) (end -1.6 0.8) (layer F.Fab) (width 0.1))
    (fp_line (start -0.602064 -0.91) (end 0.602064 -0.91) (layer F.SilkS) (width 0.12))
    (fp_line (start -0.602064 0.91) (end 0.602064 0.91) (layer F.SilkS) (width 0.12))
    (fp_line (start -2.45 1.12) (end -2.45 -1.12) (layer F.CrtYd) (width 0.05))
    (fp_line (start -2.45 -1.12) (end 2.45 -1.12) (layer F.CrtYd) (width 0.05))
    (fp_line (start 2.45 -1.12) (end 2.45 1.12) (layer F.CrtYd) (width 0.05))
    (fp_line (start 2.45 1.12) (end -2.45 1.12) (layer F.CrtYd) (width 0.05))
    (fp_text user %R (at 0 0 180) (layer F.Fab)
      (effects (font (size 0.8 0.8) (thickness 0.12)))
    )
    (pad 1 smd roundrect (at -1.4875 0 180) (size 1.425 1.75) (layers F.Cu F.Paste F.Mask) (roundrect_rratio 0.175439)
      (net 1 Earth))
    (pad 2 smd roundrect (at 1.4875 0 180) (size 1.425 1.75) (layers F.Cu F.Paste F.Mask) (roundrect_rratio 0.175439)
      (net 4 +3V3))
    (model ${KISYS3DMOD}/Capacitor_SMD.3dshapes/C_1206_3216Metric.wrl
      (at (xyz 0 0 0))
      (scale (xyz 1 1 1))
      (rotate (xyz 0 0 0))
    )
  )

  (module Capacitor_SMD:C_1206_3216Metric_Pad1.42x1.75mm_HandSolder (layer F.Cu) (tedit 5B301BBE) (tstamp 5CE7809E)
    (at 88.392 118.3275 90)
    (descr "Capacitor SMD 1206 (3216 Metric), square (rectangular) end terminal, IPC_7351 nominal with elongated pad for handsoldering. (Body size source: http://www.tortai-tech.com/upload/download/2011102023233369053.pdf), generated with kicad-footprint-generator")
    (tags "capacitor handsolder")
    (path /5D225BC2)
    (attr smd)
    (fp_text reference C3 (at 0 -1.82 90) (layer F.SilkS)
      (effects (font (size 1 1) (thickness 0.15)))
    )
    (fp_text value 100nF (at 0 1.82 90) (layer F.Fab)
      (effects (font (size 1 1) (thickness 0.15)))
    )
    (fp_text user %R (at 0 0 90) (layer F.Fab)
      (effects (font (size 0.8 0.8) (thickness 0.12)))
    )
    (fp_line (start 2.45 1.12) (end -2.45 1.12) (layer F.CrtYd) (width 0.05))
    (fp_line (start 2.45 -1.12) (end 2.45 1.12) (layer F.CrtYd) (width 0.05))
    (fp_line (start -2.45 -1.12) (end 2.45 -1.12) (layer F.CrtYd) (width 0.05))
    (fp_line (start -2.45 1.12) (end -2.45 -1.12) (layer F.CrtYd) (width 0.05))
    (fp_line (start -0.602064 0.91) (end 0.602064 0.91) (layer F.SilkS) (width 0.12))
    (fp_line (start -0.602064 -0.91) (end 0.602064 -0.91) (layer F.SilkS) (width 0.12))
    (fp_line (start 1.6 0.8) (end -1.6 0.8) (layer F.Fab) (width 0.1))
    (fp_line (start 1.6 -0.8) (end 1.6 0.8) (layer F.Fab) (width 0.1))
    (fp_line (start -1.6 -0.8) (end 1.6 -0.8) (layer F.Fab) (width 0.1))
    (fp_line (start -1.6 0.8) (end -1.6 -0.8) (layer F.Fab) (width 0.1))
    (pad 2 smd roundrect (at 1.4875 0 90) (size 1.425 1.75) (layers F.Cu F.Paste F.Mask) (roundrect_rratio 0.175439)
      (net 4 +3V3))
    (pad 1 smd roundrect (at -1.4875 0 90) (size 1.425 1.75) (layers F.Cu F.Paste F.Mask) (roundrect_rratio 0.175439)
      (net 1 Earth))
    (model ${KISYS3DMOD}/Capacitor_SMD.3dshapes/C_1206_3216Metric.wrl
      (at (xyz 0 0 0))
      (scale (xyz 1 1 1))
      (rotate (xyz 0 0 0))
    )
  )

  (module Capacitor_SMD:C_1206_3216Metric_Pad1.42x1.75mm_HandSolder (layer F.Cu) (tedit 5B301BBE) (tstamp 5CE780AF)
    (at 73.6235 123.19 180)
    (descr "Capacitor SMD 1206 (3216 Metric), square (rectangular) end terminal, IPC_7351 nominal with elongated pad for handsoldering. (Body size source: http://www.tortai-tech.com/upload/download/2011102023233369053.pdf), generated with kicad-footprint-generator")
    (tags "capacitor handsolder")
    (path /5CCC8BFA)
    (attr smd)
    (fp_text reference C4 (at 0 -1.82 180) (layer F.SilkS)
      (effects (font (size 1 1) (thickness 0.15)))
    )
    (fp_text value 100nF (at 0 1.82 180) (layer F.Fab)
      (effects (font (size 1 1) (thickness 0.15)))
    )
    (fp_line (start -1.6 0.8) (end -1.6 -0.8) (layer F.Fab) (width 0.1))
    (fp_line (start -1.6 -0.8) (end 1.6 -0.8) (layer F.Fab) (width 0.1))
    (fp_line (start 1.6 -0.8) (end 1.6 0.8) (layer F.Fab) (width 0.1))
    (fp_line (start 1.6 0.8) (end -1.6 0.8) (layer F.Fab) (width 0.1))
    (fp_line (start -0.602064 -0.91) (end 0.602064 -0.91) (layer F.SilkS) (width 0.12))
    (fp_line (start -0.602064 0.91) (end 0.602064 0.91) (layer F.SilkS) (width 0.12))
    (fp_line (start -2.45 1.12) (end -2.45 -1.12) (layer F.CrtYd) (width 0.05))
    (fp_line (start -2.45 -1.12) (end 2.45 -1.12) (layer F.CrtYd) (width 0.05))
    (fp_line (start 2.45 -1.12) (end 2.45 1.12) (layer F.CrtYd) (width 0.05))
    (fp_line (start 2.45 1.12) (end -2.45 1.12) (layer F.CrtYd) (width 0.05))
    (fp_text user %R (at 0 0 180) (layer F.Fab)
      (effects (font (size 0.8 0.8) (thickness 0.12)))
    )
    (pad 1 smd roundrect (at -1.4875 0 180) (size 1.425 1.75) (layers F.Cu F.Paste F.Mask) (roundrect_rratio 0.175439)
      (net 4 +3V3))
    (pad 2 smd roundrect (at 1.4875 0 180) (size 1.425 1.75) (layers F.Cu F.Paste F.Mask) (roundrect_rratio 0.175439)
      (net 1 Earth))
    (model ${KISYS3DMOD}/Capacitor_SMD.3dshapes/C_1206_3216Metric.wrl
      (at (xyz 0 0 0))
      (scale (xyz 1 1 1))
      (rotate (xyz 0 0 0))
    )
  )

  (module Capacitor_SMD:C_1206_3216Metric_Pad1.42x1.75mm_HandSolder (layer F.Cu) (tedit 5B301BBE) (tstamp 5CE780C0)
    (at 73.6235 125.73 180)
    (descr "Capacitor SMD 1206 (3216 Metric), square (rectangular) end terminal, IPC_7351 nominal with elongated pad for handsoldering. (Body size source: http://www.tortai-tech.com/upload/download/2011102023233369053.pdf), generated with kicad-footprint-generator")
    (tags "capacitor handsolder")
    (path /5CCCA4D0)
    (attr smd)
    (fp_text reference C5 (at 0 -1.82 180) (layer F.SilkS)
      (effects (font (size 1 1) (thickness 0.15)))
    )
    (fp_text value 100nF (at 0 1.82 180) (layer F.Fab)
      (effects (font (size 1 1) (thickness 0.15)))
    )
    (fp_line (start -1.6 0.8) (end -1.6 -0.8) (layer F.Fab) (width 0.1))
    (fp_line (start -1.6 -0.8) (end 1.6 -0.8) (layer F.Fab) (width 0.1))
    (fp_line (start 1.6 -0.8) (end 1.6 0.8) (layer F.Fab) (width 0.1))
    (fp_line (start 1.6 0.8) (end -1.6 0.8) (layer F.Fab) (width 0.1))
    (fp_line (start -0.602064 -0.91) (end 0.602064 -0.91) (layer F.SilkS) (width 0.12))
    (fp_line (start -0.602064 0.91) (end 0.602064 0.91) (layer F.SilkS) (width 0.12))
    (fp_line (start -2.45 1.12) (end -2.45 -1.12) (layer F.CrtYd) (width 0.05))
    (fp_line (start -2.45 -1.12) (end 2.45 -1.12) (layer F.CrtYd) (width 0.05))
    (fp_line (start 2.45 -1.12) (end 2.45 1.12) (layer F.CrtYd) (width 0.05))
    (fp_line (start 2.45 1.12) (end -2.45 1.12) (layer F.CrtYd) (width 0.05))
    (fp_text user %R (at 0 0 180) (layer F.Fab)
      (effects (font (size 0.8 0.8) (thickness 0.12)))
    )
    (pad 1 smd roundrect (at -1.4875 0 180) (size 1.425 1.75) (layers F.Cu F.Paste F.Mask) (roundrect_rratio 0.175439)
      (net 4 +3V3))
    (pad 2 smd roundrect (at 1.4875 0 180) (size 1.425 1.75) (layers F.Cu F.Paste F.Mask) (roundrect_rratio 0.175439)
      (net 1 Earth))
    (model ${KISYS3DMOD}/Capacitor_SMD.3dshapes/C_1206_3216Metric.wrl
      (at (xyz 0 0 0))
      (scale (xyz 1 1 1))
      (rotate (xyz 0 0 0))
    )
  )

  (module Capacitor_SMD:C_1206_3216Metric_Pad1.42x1.75mm_HandSolder (layer F.Cu) (tedit 5B301BBE) (tstamp 5CE780D1)
    (at 76.2365 132.588)
    (descr "Capacitor SMD 1206 (3216 Metric), square (rectangular) end terminal, IPC_7351 nominal with elongated pad for handsoldering. (Body size source: http://www.tortai-tech.com/upload/download/2011102023233369053.pdf), generated with kicad-footprint-generator")
    (tags "capacitor handsolder")
    (path /5CCCA608)
    (attr smd)
    (fp_text reference C8 (at 0 -1.82) (layer F.SilkS)
      (effects (font (size 1 1) (thickness 0.15)))
    )
    (fp_text value 100nF (at 0 1.82) (layer F.Fab)
      (effects (font (size 1 1) (thickness 0.15)))
    )
    (fp_line (start -1.6 0.8) (end -1.6 -0.8) (layer F.Fab) (width 0.1))
    (fp_line (start -1.6 -0.8) (end 1.6 -0.8) (layer F.Fab) (width 0.1))
    (fp_line (start 1.6 -0.8) (end 1.6 0.8) (layer F.Fab) (width 0.1))
    (fp_line (start 1.6 0.8) (end -1.6 0.8) (layer F.Fab) (width 0.1))
    (fp_line (start -0.602064 -0.91) (end 0.602064 -0.91) (layer F.SilkS) (width 0.12))
    (fp_line (start -0.602064 0.91) (end 0.602064 0.91) (layer F.SilkS) (width 0.12))
    (fp_line (start -2.45 1.12) (end -2.45 -1.12) (layer F.CrtYd) (width 0.05))
    (fp_line (start -2.45 -1.12) (end 2.45 -1.12) (layer F.CrtYd) (width 0.05))
    (fp_line (start 2.45 -1.12) (end 2.45 1.12) (layer F.CrtYd) (width 0.05))
    (fp_line (start 2.45 1.12) (end -2.45 1.12) (layer F.CrtYd) (width 0.05))
    (fp_text user %R (at 0 0) (layer F.Fab)
      (effects (font (size 0.8 0.8) (thickness 0.12)))
    )
    (pad 1 smd roundrect (at -1.4875 0) (size 1.425 1.75) (layers F.Cu F.Paste F.Mask) (roundrect_rratio 0.175439)
      (net 1 Earth))
    (pad 2 smd roundrect (at 1.4875 0) (size 1.425 1.75) (layers F.Cu F.Paste F.Mask) (roundrect_rratio 0.175439)
      (net 4 +3V3))
    (model ${KISYS3DMOD}/Capacitor_SMD.3dshapes/C_1206_3216Metric.wrl
      (at (xyz 0 0 0))
      (scale (xyz 1 1 1))
      (rotate (xyz 0 0 0))
    )
  )

  (module Capacitor_SMD:C_1206_3216Metric_Pad1.42x1.75mm_HandSolder (layer F.Cu) (tedit 5B301BBE) (tstamp 5CE780E2)
    (at 93.98 132.334 90)
    (descr "Capacitor SMD 1206 (3216 Metric), square (rectangular) end terminal, IPC_7351 nominal with elongated pad for handsoldering. (Body size source: http://www.tortai-tech.com/upload/download/2011102023233369053.pdf), generated with kicad-footprint-generator")
    (tags "capacitor handsolder")
    (path /5D278F92)
    (attr smd)
    (fp_text reference C9 (at 0 -1.82 90) (layer F.SilkS)
      (effects (font (size 1 1) (thickness 0.15)))
    )
    (fp_text value 100nF (at 0 1.82 90) (layer F.Fab)
      (effects (font (size 1 1) (thickness 0.15)))
    )
    (fp_text user %R (at 0 0 90) (layer F.Fab)
      (effects (font (size 0.8 0.8) (thickness 0.12)))
    )
    (fp_line (start 2.45 1.12) (end -2.45 1.12) (layer F.CrtYd) (width 0.05))
    (fp_line (start 2.45 -1.12) (end 2.45 1.12) (layer F.CrtYd) (width 0.05))
    (fp_line (start -2.45 -1.12) (end 2.45 -1.12) (layer F.CrtYd) (width 0.05))
    (fp_line (start -2.45 1.12) (end -2.45 -1.12) (layer F.CrtYd) (width 0.05))
    (fp_line (start -0.602064 0.91) (end 0.602064 0.91) (layer F.SilkS) (width 0.12))
    (fp_line (start -0.602064 -0.91) (end 0.602064 -0.91) (layer F.SilkS) (width 0.12))
    (fp_line (start 1.6 0.8) (end -1.6 0.8) (layer F.Fab) (width 0.1))
    (fp_line (start 1.6 -0.8) (end 1.6 0.8) (layer F.Fab) (width 0.1))
    (fp_line (start -1.6 -0.8) (end 1.6 -0.8) (layer F.Fab) (width 0.1))
    (fp_line (start -1.6 0.8) (end -1.6 -0.8) (layer F.Fab) (width 0.1))
    (pad 2 smd roundrect (at 1.4875 0 90) (size 1.425 1.75) (layers F.Cu F.Paste F.Mask) (roundrect_rratio 0.175439)
      (net 4 +3V3))
    (pad 1 smd roundrect (at -1.4875 0 90) (size 1.425 1.75) (layers F.Cu F.Paste F.Mask) (roundrect_rratio 0.175439)
      (net 1 Earth))
    (model ${KISYS3DMOD}/Capacitor_SMD.3dshapes/C_1206_3216Metric.wrl
      (at (xyz 0 0 0))
      (scale (xyz 1 1 1))
      (rotate (xyz 0 0 0))
    )
  )

  (module Capacitor_SMD:C_1206_3216Metric_Pad1.42x1.75mm_HandSolder (layer F.Cu) (tedit 5B301BBE) (tstamp 5CE780F3)
    (at 76.2365 135.636 180)
    (descr "Capacitor SMD 1206 (3216 Metric), square (rectangular) end terminal, IPC_7351 nominal with elongated pad for handsoldering. (Body size source: http://www.tortai-tech.com/upload/download/2011102023233369053.pdf), generated with kicad-footprint-generator")
    (tags "capacitor handsolder")
    (path /5CCFB8F2)
    (attr smd)
    (fp_text reference C11 (at 0 -1.82 180) (layer F.SilkS)
      (effects (font (size 1 1) (thickness 0.15)))
    )
    (fp_text value 2.2uF (at 0 1.82 180) (layer F.Fab)
      (effects (font (size 1 1) (thickness 0.15)))
    )
    (fp_text user %R (at 0 0 180) (layer F.Fab)
